349.522385 0.0
367.629017 0.0
397.87286 114.578692
397.87286 163.31369999999998
404.431287 231.177709
404.431287 266.179388
404.431287 282.964569
404.431287 321.41789
404.431287 325.272378
404.431287 333.417768
404.431287 349.522385
404.431287 385.32364900000005
404.431287 397.87286
404.431287 397.87286
404.431287 397.87286
404.431287 397.87286
404.431287 397.87286
404.431287 397.87286
404.431287 397.87286
404.431287 397.87286
404.431287 404.431287
404.431287 404.431287
404.431287 404.431287
404.431287 404.431287
404.431287 404.431287
404.431287 404.431287
404.431287 404.431287
404.431287 404.431287
404.431287 404.431287
404.431287 404.431287
404.431287 404.431287
404.431287 404.431287
404.431287 404.431287
404.431287 404.431287
404.431287 404.431287
404.431287 404.431287
404.431287 404.431287
404.431287 404.431287
404.431287 404.431287
404.431287 404.431287
404.431287 404.431287
404.431287 404.431287
404.431287 404.431287
404.431287 404.431287
404.431287 404.431287
404.431287 404.431287
404.431287 404.431287
404.431287 404.431287
404.431287 404.431287
404.431287 404.431287
404.431287 404.431287
404.431287 404.431287
404.431287 404.431287
404.431287 404.431287
404.431287 404.431287
404.431287 404.431287
404.431287 404.431287
404.431287 404.431287
404.431287 404.431287
404.431287 404.431287
404.431287 404.431287
404.431287 404.431287
404.431287 404.431287
404.431287 404.431287
404.431287 404.431287
404.431287 404.431287
404.431287 404.431287
404.431287 404.431287
404.431287 404.431287
404.431287 404.431287
404.431287 404.431287
404.431287 404.431287
404.431287 404.431287
404.431287 404.431287
404.431287 404.431287
404.431287 404.431287
404.431287 404.431287
404.431287 404.431287
404.431287 404.431287
404.431287 404.431287
404.431287 404.431287
404.431287 404.431287
404.431287 404.431287
404.431287 404.431287
404.431287 404.431287
404.431287 404.431287
404.431287 404.431287
404.431287 404.431287
404.431287 404.431287
404.431287 404.431287
404.431287 404.431287
404.431287 404.431287
404.431287 404.431287
404.431287 404.431287
404.431287 404.431287
404.431287 404.431287
404.431287 404.431287
404.431287 404.431287
404.431287 404.431287
404.431287 404.431287
