81.0 15.0
81.0 67.0
81.0 77.0
81.0 81.0
81.0 81.0
81.0 81.0
81.0 81.0
81.0 81.0
81.0 81.0
81.0 81.0
81.0 81.0
81.0 81.0
81.0 81.0
81.0 81.0
81.0 81.0
81.0 81.0
81.0 81.0
81.0 81.0
81.0 81.0
81.0 81.0
81.0 81.0
81.0 81.0
81.0 81.0
81.0 81.0
81.0 81.0
81.0 81.0
81.0 81.0
81.0 81.0
81.0 81.0
81.0 81.0
81.0 81.0
81.0 81.0
81.0 81.0
81.0 81.0
81.0 81.0
81.0 81.0
81.0 81.0
81.0 81.0
81.0 81.0
81.0 81.0
81.0 81.0
81.0 81.0
81.0 81.0
81.0 81.0
81.0 81.0
81.0 81.0
81.0 81.0
81.0 81.0
81.0 81.0
81.0 81.0
81.0 81.0
81.0 81.0
81.0 81.0
81.0 81.0
81.0 81.0
81.0 81.0
81.0 81.0
81.0 81.0
81.0 81.0
81.0 81.0
81.0 81.0
81.0 81.0
81.0 81.0
81.0 81.0
81.0 81.0
81.0 81.0
81.0 81.0
81.0 81.0
81.0 81.0
81.0 81.0
81.0 81.0
81.0 81.0
81.0 81.0
81.0 81.0
81.0 81.0
81.0 81.0
81.0 81.0
81.0 81.0
81.0 81.0
81.0 81.0
81.0 81.0
81.0 81.0
81.0 81.0
81.0 81.0
81.0 81.0
81.0 81.0
81.0 81.0
81.0 81.0
81.0 81.0
81.0 81.0
81.0 81.0
81.0 81.0
81.0 81.0
81.0 81.0
81.0 81.0
81.0 81.0
81.0 81.0
81.0 81.0
81.0 81.0
81.0 81.0
