92.0 0.0
93.0 42.0
93.0 81.0
93.0 91.0
93.0 92.0
93.0 93.0
93.0 93.0
93.0 93.0
93.0 93.0
93.0 93.0
93.0 93.0
93.0 93.0
93.0 93.0
93.0 93.0
93.0 93.0
93.0 93.0
93.0 93.0
93.0 93.0
93.0 93.0
93.0 93.0
93.0 93.0
93.0 93.0
93.0 93.0
93.0 93.0
93.0 93.0
93.0 93.0
93.0 93.0
93.0 93.0
93.0 93.0
93.0 93.0
93.0 93.0
93.0 93.0
93.0 93.0
93.0 93.0
93.0 93.0
93.0 93.0
93.0 93.0
93.0 93.0
93.0 93.0
93.0 93.0
93.0 93.0
93.0 93.0
93.0 93.0
93.0 93.0
93.0 93.0
93.0 93.0
93.0 93.0
93.0 93.0
93.0 93.0
93.0 93.0
93.0 93.0
93.0 93.0
93.0 93.0
93.0 93.0
93.0 93.0
93.0 93.0
93.0 93.0
93.0 93.0
93.0 93.0
93.0 93.0
93.0 93.0
93.0 93.0
93.0 93.0
93.0 93.0
93.0 93.0
93.0 93.0
93.0 93.0
93.0 93.0
93.0 93.0
93.0 93.0
93.0 93.0
93.0 93.0
93.0 93.0
93.0 93.0
93.0 93.0
93.0 93.0
93.0 93.0
93.0 93.0
93.0 93.0
93.0 93.0
93.0 93.0
93.0 93.0
93.0 93.0
93.0 93.0
93.0 93.0
93.0 93.0
93.0 93.0
93.0 93.0
93.0 93.0
93.0 93.0
93.0 93.0
93.0 93.0
93.0 93.0
93.0 93.0
93.0 93.0
93.0 93.0
93.0 93.0
93.0 93.0
93.0 93.0
93.0 93.0
