354.28632400000004 0.0
389.78850700000004 67.89758
389.78850700000004 130.98239
411.896115 153.337199
411.896115 193.12723200000002
411.896115 209.93377499999997
411.896115 302.972503
437.934507 321.31412700000004
437.934507 354.28632400000004
437.934507 389.78850700000004
437.934507 389.78850700000004
437.934507 389.78850700000004
437.934507 389.78850700000004
437.934507 389.78850700000004
437.934507 411.896115
437.934507 411.896115
437.934507 437.934507
437.934507 437.934507
437.934507 437.934507
437.934507 437.934507
437.934507 437.934507
437.934507 437.934507
437.934507 437.934507
437.934507 437.934507
437.934507 437.934507
437.934507 437.934507
437.934507 437.934507
437.934507 437.934507
437.934507 437.934507
437.934507 437.934507
437.934507 437.934507
437.934507 437.934507
437.934507 437.934507
437.934507 437.934507
437.934507 437.934507
437.934507 437.934507
437.934507 437.934507
437.934507 437.934507
437.934507 437.934507
437.934507 437.934507
437.934507 437.934507
437.934507 437.934507
437.934507 437.934507
437.934507 437.934507
437.934507 437.934507
437.934507 437.934507
437.934507 437.934507
437.934507 437.934507
437.934507 437.934507
437.934507 437.934507
437.934507 437.934507
437.934507 437.934507
437.934507 437.934507
437.934507 437.934507
437.934507 437.934507
437.934507 437.934507
437.934507 437.934507
437.934507 437.934507
437.934507 437.934507
437.934507 437.934507
437.934507 437.934507
437.934507 437.934507
437.934507 437.934507
437.934507 437.934507
437.934507 437.934507
437.934507 437.934507
437.934507 437.934507
437.934507 437.934507
437.934507 437.934507
437.934507 437.934507
437.934507 437.934507
437.934507 437.934507
437.934507 437.934507
437.934507 437.934507
437.934507 437.934507
437.934507 437.934507
437.934507 437.934507
437.934507 437.934507
437.934507 437.934507
437.934507 437.934507
437.934507 437.934507
437.934507 437.934507
437.934507 437.934507
437.934507 437.934507
437.934507 437.934507
437.934507 437.934507
437.934507 437.934507
437.934507 437.934507
437.934507 437.934507
437.934507 437.934507
437.934507 437.934507
437.934507 437.934507
437.934507 437.934507
437.934507 437.934507
437.934507 437.934507
437.934507 437.934507
437.934507 437.934507
437.934507 437.934507
437.934507 437.934507
437.934507 437.934507
