387.182226 0.0
387.182226 0.0
387.182226 169.63408299999998
411.896115 179.903561
411.896115 224.530777
411.896115 253.63322799999997
411.896115 271.52928199999997
411.896115 311.087375
411.896115 323.163548
411.896115 387.182226
411.896115 387.182226
411.896115 387.182226
411.896115 387.182226
411.896115 387.182226
411.896115 387.182226
411.896115 403.64696100000003
411.896115 411.896115
411.896115 411.896115
411.896115 411.896115
411.896115 411.896115
411.896115 411.896115
411.896115 411.896115
411.896115 411.896115
411.896115 411.896115
411.896115 411.896115
411.896115 411.896115
411.896115 411.896115
411.896115 411.896115
411.896115 411.896115
411.896115 411.896115
411.896115 411.896115
411.896115 411.896115
411.896115 411.896115
411.896115 411.896115
411.896115 411.896115
411.896115 411.896115
411.896115 411.896115
411.896115 411.896115
411.896115 411.896115
411.896115 411.896115
411.896115 411.896115
411.896115 411.896115
411.896115 411.896115
411.896115 411.896115
411.896115 411.896115
411.896115 411.896115
411.896115 411.896115
411.896115 411.896115
411.896115 411.896115
411.896115 411.896115
411.896115 411.896115
411.896115 411.896115
411.896115 411.896115
411.896115 411.896115
411.896115 411.896115
411.896115 411.896115
411.896115 411.896115
411.896115 411.896115
411.896115 411.896115
411.896115 411.896115
411.896115 411.896115
411.896115 411.896115
411.896115 411.896115
411.896115 411.896115
411.896115 411.896115
411.896115 411.896115
411.896115 411.896115
411.896115 411.896115
411.896115 411.896115
411.896115 411.896115
411.896115 411.896115
411.896115 411.896115
411.896115 411.896115
411.896115 411.896115
411.896115 411.896115
411.896115 411.896115
411.896115 411.896115
411.896115 411.896115
411.896115 411.896115
411.896115 411.896115
411.896115 411.896115
411.896115 411.896115
411.896115 411.896115
411.896115 411.896115
411.896115 411.896115
411.896115 411.896115
411.896115 411.896115
411.896115 411.896115
411.896115 411.896115
411.896115 411.896115
411.896115 411.896115
411.896115 411.896115
411.896115 411.896115
411.896115 411.896115
411.896115 411.896115
411.896115 411.896115
411.896115 411.896115
411.896115 411.896115
411.896115 411.896115
411.896115 411.896115
