93.0 0.0
93.0 0.0
93.0 81.0
93.0 93.0
93.0 93.0
93.0 93.0
93.0 93.0
93.0 93.0
93.0 93.0
93.0 93.0
93.0 93.0
93.0 93.0
93.0 93.0
93.0 93.0
93.0 93.0
93.0 93.0
93.0 93.0
93.0 93.0
93.0 93.0
93.0 93.0
93.0 93.0
93.0 93.0
93.0 93.0
93.0 93.0
93.0 93.0
93.0 93.0
93.0 93.0
93.0 93.0
93.0 93.0
93.0 93.0
93.0 93.0
93.0 93.0
93.0 93.0
93.0 93.0
93.0 93.0
93.0 93.0
93.0 93.0
93.0 93.0
93.0 93.0
93.0 93.0
93.0 93.0
93.0 93.0
93.0 93.0
93.0 93.0
93.0 93.0
93.0 93.0
93.0 93.0
93.0 93.0
93.0 93.0
93.0 93.0
93.0 93.0
93.0 93.0
93.0 93.0
93.0 93.0
93.0 93.0
93.0 93.0
93.0 93.0
93.0 93.0
93.0 93.0
93.0 93.0
93.0 93.0
93.0 93.0
93.0 93.0
93.0 93.0
93.0 93.0
93.0 93.0
93.0 93.0
93.0 93.0
93.0 93.0
93.0 93.0
93.0 93.0
93.0 93.0
93.0 93.0
93.0 93.0
93.0 93.0
93.0 93.0
93.0 93.0
93.0 93.0
93.0 93.0
93.0 93.0
93.0 93.0
93.0 93.0
93.0 93.0
93.0 93.0
93.0 93.0
93.0 93.0
93.0 93.0
93.0 93.0
93.0 93.0
93.0 93.0
93.0 93.0
93.0 93.0
93.0 93.0
93.0 93.0
93.0 93.0
93.0 93.0
93.0 93.0
93.0 93.0
93.0 93.0
93.0 93.0
