327.826777 0.0
327.826777 0.0
327.826777 0.0
327.826777 130.04547300000002
327.826777 162.358471
327.826777 229.685354
346.94357 256.324961
377.074495 269.325846
385.32364900000005 270.216986
385.32364900000005 290.548416
385.32364900000005 305.279701
385.32364900000005 327.826777
385.32364900000005 327.826777
385.32364900000005 327.826777
437.934507 377.074495
437.934507 377.074495
437.934507 377.074495
437.934507 385.32364900000005
437.934507 385.32364900000005
437.934507 385.32364900000005
437.934507 385.32364900000005
437.934507 385.32364900000005
437.934507 385.32364900000005
437.934507 385.32364900000005
437.934507 385.32364900000005
437.934507 385.32364900000005
437.934507 385.32364900000005
437.934507 385.32364900000005
437.934507 385.32364900000005
437.934507 385.32364900000005
437.934507 385.32364900000005
437.934507 385.32364900000005
437.934507 385.32364900000005
437.934507 385.32364900000005
437.934507 385.32364900000005
437.934507 385.32364900000005
437.934507 385.32364900000005
437.934507 385.32364900000005
437.934507 385.32364900000005
437.934507 385.32364900000005
437.934507 385.32364900000005
437.934507 385.32364900000005
437.934507 385.32364900000005
437.934507 385.32364900000005
437.934507 385.32364900000005
437.934507 385.32364900000005
437.934507 385.32364900000005
437.934507 385.32364900000005
437.934507 385.32364900000005
437.934507 385.32364900000005
437.934507 385.32364900000005
437.934507 385.32364900000005
437.934507 385.32364900000005
437.934507 385.32364900000005
437.934507 385.32364900000005
437.934507 385.32364900000005
437.934507 385.32364900000005
437.934507 385.32364900000005
437.934507 385.32364900000005
437.934507 385.32364900000005
437.934507 385.32364900000005
437.934507 385.32364900000005
437.934507 385.32364900000005
437.934507 385.32364900000005
437.934507 385.32364900000005
437.934507 385.32364900000005
437.934507 385.32364900000005
437.934507 385.32364900000005
437.934507 385.32364900000005
437.934507 385.32364900000005
437.934507 385.32364900000005
437.934507 385.32364900000005
437.934507 385.32364900000005
437.934507 385.32364900000005
437.934507 385.32364900000005
437.934507 385.32364900000005
437.934507 385.32364900000005
437.934507 385.32364900000005
437.934507 385.32364900000005
437.934507 385.32364900000005
437.934507 385.32364900000005
437.934507 385.32364900000005
437.934507 385.32364900000005
437.934507 385.32364900000005
437.934507 385.32364900000005
437.934507 385.32364900000005
437.934507 385.32364900000005
437.934507 385.32364900000005
437.934507 385.32364900000005
437.934507 385.32364900000005
437.934507 385.32364900000005
437.934507 385.32364900000005
437.934507 385.32364900000005
437.934507 385.32364900000005
437.934507 385.32364900000005
437.934507 385.32364900000005
437.934507 385.32364900000005
437.934507 385.32364900000005
437.934507 385.32364900000005
437.934507 385.32364900000005
