107.0 42.0
107.0 56.0
107.0 81.0
107.0 93.0
107.0 107.0
107.0 107.0
107.0 107.0
107.0 107.0
107.0 107.0
107.0 107.0
107.0 107.0
107.0 107.0
107.0 107.0
107.0 107.0
107.0 107.0
107.0 107.0
107.0 107.0
107.0 107.0
107.0 107.0
107.0 107.0
107.0 107.0
107.0 107.0
107.0 107.0
107.0 107.0
107.0 107.0
107.0 107.0
107.0 107.0
107.0 107.0
107.0 107.0
107.0 107.0
107.0 107.0
107.0 107.0
107.0 107.0
107.0 107.0
107.0 107.0
107.0 107.0
107.0 107.0
107.0 107.0
107.0 107.0
107.0 107.0
107.0 107.0
107.0 107.0
107.0 107.0
107.0 107.0
107.0 107.0
107.0 107.0
107.0 107.0
107.0 107.0
107.0 107.0
107.0 107.0
107.0 107.0
107.0 107.0
107.0 107.0
107.0 107.0
107.0 107.0
107.0 107.0
107.0 107.0
107.0 107.0
107.0 107.0
107.0 107.0
107.0 107.0
107.0 107.0
107.0 107.0
107.0 107.0
107.0 107.0
107.0 107.0
107.0 107.0
107.0 107.0
107.0 107.0
107.0 107.0
107.0 107.0
107.0 107.0
107.0 107.0
107.0 107.0
107.0 107.0
107.0 107.0
107.0 107.0
107.0 107.0
107.0 107.0
107.0 107.0
107.0 107.0
107.0 107.0
107.0 107.0
107.0 107.0
107.0 107.0
107.0 107.0
107.0 107.0
107.0 107.0
107.0 107.0
107.0 107.0
107.0 107.0
107.0 107.0
107.0 107.0
107.0 107.0
107.0 107.0
107.0 107.0
107.0 107.0
107.0 107.0
107.0 107.0
107.0 107.0
