437.934507 0.0
481.069368 0.0
481.069368 146.806237
481.069368 185.18021099999999
481.069368 220.87771199999997
481.069368 254.792933
481.069368 312.738425
481.069368 390.591142
481.069368 390.591142
481.069368 390.591142
481.069368 481.069368
481.069368 481.069368
481.069368 481.069368
481.069368 481.069368
481.069368 481.069368
481.069368 481.069368
481.069368 481.069368
481.069368 481.069368
481.069368 481.069368
481.069368 481.069368
481.069368 481.069368
481.069368 481.069368
481.069368 481.069368
481.069368 481.069368
481.069368 481.069368
481.069368 481.069368
481.069368 481.069368
481.069368 481.069368
481.069368 481.069368
481.069368 481.069368
481.069368 481.069368
481.069368 481.069368
481.069368 481.069368
481.069368 481.069368
481.069368 481.069368
481.069368 481.069368
481.069368 481.069368
481.069368 481.069368
481.069368 481.069368
481.069368 481.069368
481.069368 481.069368
481.069368 481.069368
481.069368 481.069368
481.069368 481.069368
481.069368 481.069368
481.069368 481.069368
481.069368 481.069368
481.069368 481.069368
481.069368 481.069368
481.069368 481.069368
481.069368 481.069368
481.069368 481.069368
481.069368 481.069368
481.069368 481.069368
481.069368 481.069368
481.069368 481.069368
481.069368 481.069368
481.069368 481.069368
481.069368 481.069368
481.069368 481.069368
481.069368 481.069368
481.069368 481.069368
481.069368 481.069368
481.069368 481.069368
481.069368 481.069368
481.069368 481.069368
481.069368 481.069368
481.069368 481.069368
481.069368 481.069368
481.069368 481.069368
481.069368 481.069368
481.069368 481.069368
481.069368 481.069368
481.069368 481.069368
481.069368 481.069368
481.069368 481.069368
481.069368 481.069368
481.069368 481.069368
481.069368 481.069368
481.069368 481.069368
481.069368 481.069368
481.069368 481.069368
481.069368 481.069368
481.069368 481.069368
481.069368 481.069368
481.069368 481.069368
481.069368 481.069368
481.069368 481.069368
481.069368 481.069368
481.069368 481.069368
481.069368 481.069368
481.069368 481.069368
481.069368 481.069368
481.069368 481.069368
481.069368 481.069368
481.069368 481.069368
481.069368 481.069368
481.069368 481.069368
481.069368 481.069368
481.069368 481.069368
