105.0 30.0
105.0 74.0
105.0 85.0
105.0 105.0
105.0 105.0
105.0 105.0
105.0 105.0
105.0 105.0
105.0 105.0
105.0 105.0
105.0 105.0
105.0 105.0
105.0 105.0
105.0 105.0
105.0 105.0
105.0 105.0
105.0 105.0
105.0 105.0
105.0 105.0
105.0 105.0
105.0 105.0
105.0 105.0
105.0 105.0
105.0 105.0
105.0 105.0
105.0 105.0
105.0 105.0
105.0 105.0
105.0 105.0
105.0 105.0
105.0 105.0
105.0 105.0
105.0 105.0
105.0 105.0
105.0 105.0
105.0 105.0
105.0 105.0
105.0 105.0
105.0 105.0
105.0 105.0
105.0 105.0
105.0 105.0
105.0 105.0
105.0 105.0
105.0 105.0
105.0 105.0
105.0 105.0
105.0 105.0
105.0 105.0
105.0 105.0
105.0 105.0
105.0 105.0
105.0 105.0
105.0 105.0
105.0 105.0
105.0 105.0
105.0 105.0
105.0 105.0
105.0 105.0
105.0 105.0
105.0 105.0
105.0 105.0
105.0 105.0
105.0 105.0
105.0 105.0
105.0 105.0
105.0 105.0
105.0 105.0
105.0 105.0
105.0 105.0
105.0 105.0
105.0 105.0
105.0 105.0
105.0 105.0
105.0 105.0
105.0 105.0
105.0 105.0
105.0 105.0
105.0 105.0
105.0 105.0
105.0 105.0
105.0 105.0
105.0 105.0
105.0 105.0
105.0 105.0
105.0 105.0
105.0 105.0
105.0 105.0
105.0 105.0
105.0 105.0
105.0 105.0
105.0 105.0
105.0 105.0
105.0 105.0
105.0 105.0
105.0 105.0
105.0 105.0
105.0 105.0
105.0 105.0
105.0 105.0
